4294967279,289
4294967279,547
4294967279,331
4294967278,318
582,6
582,5
582,4
582,3
582,2
582,1
4294967279,304
4294967294,472
4294967278,143
4294967279,2
4294967279,134
4294967278,134
4294967278,274
4294967278,286
579,6
579,5
579,4
579,3
579,2
579,1
4294967278,280
4294967279,518
4294967279,519
4294967279,517
4294967279,516
4294967279,514
4294967278,332
4294967279,300
576,6
576,5
576,4
576,3
576,2
576,1
4294967278,316
573,5
573,4
573,3
573,2
573,1
4294967279,202
571,6
571,5
571,4
571,3
571,2
571,1
4294967278,315
4294967278,178
568,6
568,5
568,4
568,3
568,2
568,1
4294967294,1418
565,5
565,4
565,3
565,2
565,1
4294967294,418
4294967294,461
564,5
564,4
564,3
564,2
564,1
563,6
563,5
563,4
563,3
563,2
563,1
562,5
562,4
562,3
562,2
562,1
4294967278,374
561,5
561,4
561,3
561,2
561,1
4294967278,312
560,5
560,4
560,3
560,2
560,1
4294967278,238
4294967278,237
558,4
558,3
558,2
558,1
4294967279,233
4294967279,226
4294967278,204
4294967278,203
4294967278,325
4294967278,321
4294967279,194
4294967278,192
4294967279,189
557,6
557,5
557,4
557,2
557,1
4294967279,287
4294967278,311
4294967279,285
554,6
554,5
554,4
554,3
554,2
554,1
4294967278,310
551,6
551,5
551,4
551,3
551,2
551,1
4294967279,278
4294967294,385
548,5
548,4
548,3
548,2
548,1
4294967279,274
546,6
546,5
546,4
546,2
546,1
4294967279,192
4294967278,191
4294967279,190
4294967278,189
4294967279,185
4294967278,187
543,6
543,5
543,4
543,2
543,1
4294967279,181
4294967279,180
540,5
540,4
540,3
540,2
540,1
4294967294,183
4294967294,180
4294967294,164
4294967294,113
539,5
539,4
539,3
539,2
539,1
4294967279,157
4294967279,155
538,6
538,5
538,4
538,3
538,2
538,1
537,5
537,4
537,3
537,2
537,1
536,5
536,4
536,3
536,2
536,1
535,5
535,4
535,3
535,2
535,1
533,4
533,3
533,2
533,1
4294967278,393
4294967279,268
4294967278,303
4294967294,109
4294967279,267
4294967278,302
4294967278,296
4294967278,400
4294967279,567
532,6
532,5
532,4
532,2
532,1
4294967279,184
4294967278,172
4294967278,369
4294967279,170
4294967278,168
4294967278,163
4294967279,158
529,6
529,5
529,4
529,3
529,2
529,1
4294967279,527
4294967278,154
4294967279,266
4294967279,272
4294967279,136
4294967279,135
526,6
526,5
526,4
526,3
526,2
526,1
4294967278,399
4294967278,281
523,5
523,4
523,3
523,2
523,1
4294967278,299
4294967278,242
521,6
521,5
521,4
521,2
521,1
4294967278,216
4294967278,211
4294967278,207
518,6
518,5
518,4
518,2
518,1
4294967294,913
4294967294,456
4294967279,183
4294967278,174
4294967278,183
515,5
515,4
515,3
515,2
515,1
514,5
514,4
514,3
514,2
514,1
4294967279,568
513,6
513,5
513,4
513,3
513,2
513,1
512,5
512,4
512,3
512,2
512,1
4294967278,271
511,5
511,4
511,3
511,2
511,1
510,5
510,4
510,3
510,2
510,1
508,4
508,3
508,2
508,1
4294967294,108
4294967279,565
4294967278,294
4294967278,373
4294967278,397
4294967278,375
4294967278,398
4294967279,569
4294967279,37
4294967279,34
4294967279,33
4294967279,32
4294967279,31
4294967279,29
4294967279,28
4294967279,27
4294967279,26
4294967279,24
4294967279,23
4294967279,22
4294967279,564
4294967278,240
4294967279,231
4294967279,229
4294967278,226
4294967279,560
4294967279,557
4294967278,206
4294967278,293
4294967278,292
507,6
507,5
507,4
507,3
507,2
507,1
4294967278,188
4294967278,179
504,6
504,5
504,4
504,3
504,2
504,1
4294967279,168
4294967279,167
4294967279,154
4294967279,553
501,5
501,4
501,3
501,2
501,1
499,6
499,5
499,4
499,2
499,1
4294967279,269
4294967279,551
4294967279,550
4294967278,291
496,6
496,5
496,4
496,2
496,1
493,5
493,4
493,3
493,2
493,1
492,5
492,4
492,3
492,2
492,1
491,6
4294967294,471
491,5
491,4
491,3
491,2
491,1
490,5
490,4
490,3
490,2
490,1
489,5
489,4
489,3
489,2
489,1
488,5
4294967279,182
488,4
488,3
488,2
488,1
4294967279,179
4294967278,395
4294967279,178
4294967279,176
4294967279,175
4294967279,173
486,4
486,3
486,2
486,1
4294967278,275
4294967294,397
4294967278,263
485,6
485,5
485,4
485,3
485,2
485,1
482,6
482,5
482,4
482,3
482,2
482,1
4294967278,259
479,5
479,4
479,3
479,2
479,1
477,6
477,5
477,4
477,2
477,1
4294967279,169
4294967279,166
4294967279,165
4294967279,164
4294967279,161
474,6
4294967279,160
474,5
474,4
4294967279,159
474,2
474,1
4294967279,152
4294967279,144
4294967294,396
4294967294,406
4294967294,167
4294967294,191
4294967279,143
4294967279,142
471,5
471,4
471,3
471,2
471,1
4294967279,540
470,5
470,4
470,3
470,2
470,1
4294967278,284
469,6
469,5
469,4
469,3
469,2
469,1
468,5
468,4
468,3
468,2
468,1
467,5
467,4
467,3
467,2
467,1
4294967278,250
466,5
466,4
466,3
466,2
466,1
464,4
464,3
464,2
464,1
4294967279,201
4294967279,200
4294967279,39
4294967279,330
4294967279,566
4294967278,379
463,6
463,5
463,4
463,3
463,2
463,1
4294967279,329
4294967294,470
4294967279,151
4294967279,150
4294967278,147
4294967279,146
4294967279,145
4294967279,141
4294967279,140
4294967278,140
460,6
460,5
460,4
460,3
460,2
460,1
4294967278,352
4294967278,267
4294967279,262
4294967278,265
457,5
457,4
457,3
457,2
457,1
4294967279,174
4294967279,530
455,6
455,5
455,4
4294967279,237
455,2
455,1
4294967279,234
4294967279,213
4294967279,205
4294967278,201
452,6
452,5
452,4
452,2
452,1
4294967278,371
4294967278,368
4294967278,186
449,5
449,4
449,3
449,2
449,1
4294967278,181
448,5
448,4
448,3
448,2
448,1
447,6
447,5
447,4
447,3
447,2
447,1
446,5
446,4
446,3
446,2
446,1
445,5
445,4
445,3
445,2
445,1
444,5
444,4
444,3
444,2
444,1
4294967279,286
4294967279,561
442,4
442,3
442,2
442,1
4294967279,524
4294967279,523
4294967278,233
4294967278,365
4294967279,232
4294967279,38
4294967279,36
4294967279,35
4294967279,30
4294967278,218
441,6
441,5
441,4
441,3
441,2
441,1
4294967278,194
4294967278,364
4294967278,363
438,5
438,4
438,3
438,2
438,1
436,6
436,5
436,4
436,2
436,1
4294967278,362
4294967278,360
4294967279,520
433,6
433,5
433,4
433,2
433,1
4294967279,25
4294967279,383
4294967294,1420
430,5
430,4
430,3
430,2
430,1
4294967279,382
4294967279,88
4294967279,381
429,5
429,4
429,3
429,2
429,1
4294967294,1416
4294967279,563
428,6
428,5
428,4
428,3
428,2
428,1
4294967279,380
427,5
427,4
427,3
427,2
427,1
4294967279,228
426,5
426,4
426,3
426,2
426,1
425,5
425,4
425,3
425,2
425,1
423,4
423,3
423,2
423,1
4294967294,398
4294967278,185
4294967278,394
4294967279,293
4294967278,177
4294967278,171
422,5
422,4
422,3
422,2
422,1
4294967278,282
420,6
420,5
420,4
420,2
420,1
4294967279,261
4294967279,275
4294967279,216
417,6
417,5
417,4
417,2
417,1
4294967279,246
4294967279,239
414,5
414,4
414,3
414,2
414,1
413,5
413,4
413,3
413,2
413,1
4294967278,213
4294967294,420
4294967294,465
4294967278,210
412,6
4294967279,208
412,5
412,4
412,3
412,2
412,1
411,5
411,4
411,3
411,2
411,1
410,5
410,4
410,3
410,2
410,1
409,5
409,4
409,3
409,2
409,1
4294967279,556
407,4
407,3
407,2
407,1
4294967278,158
4294967278,156
4294967279,148
4294967294,1414
4294967294,83
4294967293,131
4294967293,130
4294967293,129
4294967293,128
4294967293,127
4294967293,126
4294967293,125
4294967293,124
4294967293,123
4294967293,122
4294967293,121
4294967293,120
4294967293,119
4294967293,118
4294967293,117
4294967293,116
4294967293,115
4294967293,114
4294967293,113
4294967293,112
4294967293,111
4294967293,110
4294967293,109
4294967293,108
4294967293,107
4294967293,106
4294967293,105
4294967293,104
4294967293,103
4294967293,102
4294967293,101
4294967293,100
4294967293,99
4294967293,98
4294967293,97
4294967293,96
4294967293,95
4294967293,94
4294967293,93
4294967293,92
4294967293,91
4294967293,90
4294967293,89
4294967293,87
4294967293,86
4294967293,85
4294967293,84
4294967293,83
4294967293,82
4294967293,81
4294967293,80
4294967293,79
4294967293,78
4294967293,77
4294967293,76
4294967293,75
4294967293,74
4294967293,73
4294967293,72
4294967293,71
4294967293,70
4294967293,69
4294967293,68
4294967293,67
4294967293,66
4294967293,65
4294967293,64
4294967293,63
4294967293,62
4294967293,61
4294967293,60
4294967293,59
4294967293,58
4294967293,57
4294967293,56
4294967293,55
4294967293,54
4294967293,53
4294967293,52
4294967293,51
4294967293,50
4294967293,49
4294967293,48
4294967293,47
4294967293,46
4294967293,45
4294967293,44
4294967293,43
4294967293,42
4294967293,41
4294967293,40
4294967293,39
4294967293,38
4294967293,37
4294967293,36
4294967293,35
4294967293,34
4294967293,33
4294967293,32
4294967293,31
4294967293,30
4294967293,29
4294967293,28
4294967293,27
4294967293,26
4294967293,25
4294967293,24
4294967293,23
4294967293,22
4294967293,21
4294967293,20
4294967293,19
4294967293,18
4294967293,17
4294967293,16
4294967293,15
4294967293,14
4294967293,13
4294967293,12
4294967293,11
4294967293,10
4294967293,9
4294967293,8
4294967293,7
4294967293,6
4294967293,5
4294967293,4
4294967293,3
4294967279,111
4294967279,110
4294967279,109
4294967279,108
4294967279,107
4294967279,106
4294967279,105
4294967279,104
4294967279,103
4294967279,102
4294967279,99
4294967279,98
4294967279,97
4294967279,96
4294967279,95
4294967279,94
4294967279,93
4294967279,92
4294967279,91
4294967279,90
4294967279,89
4294967279,87
4294967279,85
4294967279,84
4294967279,83
4294967279,82
4294967279,81
4294967279,80
4294967279,79
4294967279,78
4294967279,77
4294967279,76
4294967279,75
4294967279,74
4294967279,73
4294967279,72
4294967279,71
4294967279,70
4294967279,69
4294967279,68
4294967279,67
4294967279,66
4294967279,65
4294967279,64
4294967279,63
4294967279,62
4294967279,61
4294967279,60
4294967279,59
4294967279,58
4294967279,57
4294967279,56
4294967279,55
4294967279,54
4294967279,53
4294967279,52
4294967279,51
4294967279,50
4294967279,49
4294967279,48
4294967279,47
4294967279,46
4294967279,45
4294967279,44
4294967279,43
4294967279,42
4294967279,41
4294967279,40
4294967278,266
4294967279,379
4294967278,372
406,5
406,4
4294967279,253
406,3
406,2
406,1
4294967278,359
4294967278,370
4294967278,254
4294967279,250
4294967278,253
4294967279,249
4294967279,247
404,6
404,5
4294967279,245
404,4
4294967278,244
404,2
404,1
4294967279,378
4294967278,209
401,6
4294967279,207
401,5
401,4
4294967279,206
401,2
401,1
4294967279,539
398,5
398,4
398,3
398,2
398,1
4294967279,377
397,5
397,4
397,3
397,2
